../../../.git/annex/objects/x0/P8/URL-s63909--https&c%%dl.dropbox.com%s%gt4gq4-28fe96bf7958c774dba7236c93dbb1f6/URL-s63909--https&c%%dl.dropbox.com%s%gt4gq4-28fe96bf7958c774dba7236c93dbb1f6